[profile:Less_BLUE]
sunElevDeg=19.998770
sunAziDeg=0.000000
sunColorR=1.000000
sunColorG=1.000000
sunColorB=1.000000
sunIntensity=20.000000
sunAngularRadius=0.020000
exposure=20.000000
rayleighR=0.005802
rayleighG=0.013558
rayleighB=0.021150
rayleighExpScale=-0.125000
mieScattering=0.004100
mieAbsorption=0.005540
mieAnisotropy=0.899000
mieExpScale=-0.833333
ozoneR=0.000650
ozoneG=0.001881
ozoneB=0.000085
groundR=0.300000
groundG=0.300000
groundB=0.300000
bottomRadius=6360.000000
topRadius=6460.000000
worldScale=0.001000

